42	32421
92	5243
142	1804
192	1515
242	671
292	412
342	325
392	200
442	180
492	166
542	84
592	46
642	61
692	44
742	127
792	28513
842	20
892	18
942	9785
992	17
1042	5
1092	41
1142	8
1192	8
1242	7
1292	9
1342	5
1392	10
1442	18
1492	5
1542	5
1592	4
1642	3
1692	9
1742	3
1792	40
1842	2
1892	5
1942	3
1992	3
2042	4
2092	1
2142	13
2192	4
2242	2
2292	1
2342	2
2392	1
2442	2
2492	2
2592	4
2642	4
2692	3
2792	2
2842	3
2892	4
3042	1
3092	1
3192	1
3342	1
3392	2
3442	1
3742	1
3942	1
4042	1
4142	1
4242	2
4292	1
4342	1
4392	1
4442	1
4692	2
4792	1
5192	1
5392	1
5592	1
5792	1
6042	1
7092	1
8042	1
8442	1
8792	1
9492	1
10292	1
17992	1
18042	1
22542	1
24242	2
39192	1
77642	1
