35	31008
85	4292
135	11052
185	1128
235	620
285	468
335	259
385	206
435	170
485	103
535	71
585	662
635	9682
685	6318
735	4771
785	769
835	14
885	23
935	15
985	17
1035	13
1085	7
1135	5
1185	12
1235	7
1285	4
1335	4
1385	2
1435	3
1485	6
1535	6
1585	4
1635	1
1685	2
1735	2
1785	5
1835	4
1885	3
1985	3
2035	1
2085	3
2135	2
2185	2
2385	3
2435	1
2485	1
2535	3
2585	1
2635	1
2685	1
2785	2
2835	3
2885	1
2985	1
3285	1
3335	1
3435	1
3485	1
3635	2
3735	1
3935	1
4485	1
4685	1
4935	2
5085	1
5535	2
5985	1
6035	1
7735	1
8085	1
9585	1
9885	1
9985	2
10035	1
12085	1
33085	1
75885	1
139485	1
