45	23132
95	3562
145	1732
195	1174
245	617
295	403
345	319
395	203
445	136
495	114
545	576
595	1083
645	2800
695	9148
745	3570
795	636
845	71
895	15
945	36
995	16
1045	125
1095	8
1145	7
1195	4
1245	4
1295	4
1345	1
1395	4
1445	6
1495	8
1545	4
1595	8
1645	4
1695	1
1745	1
1795	1
1845	3
1895	1
1945	1
1995	4
2045	2
2095	2
2145	1
2195	2
2245	1
2395	2
2445	2
2495	1
2545	3
2595	1
2645	1
2695	2
2745	1
2795	1
2895	1
2995	1
3045	2
3145	1
3195	1
3245	1
3445	1
3695	1
3795	2
3945	2
3995	2
4095	1
4195	1
4795	1
4895	1
4995	1
5945	1
5995	2
6045	2
6145	1
6545	1
7245	1
8145	1
10345	1
14895	1
16195	1
31545	1
115895	1
255195	1
