2	10290572
52	18081
102	4674
152	1901
202	983
252	939
302	379
352	259
402	225
452	127
502	109
552	97
602	71
652	64
702	2479
752	21
802	31
852	20884
902	10
952	42
1002	14
1052	6
1102	4
1152	16
1202	1
1252	4
1302	31
1352	4
1402	8
1452	11
1502	4
1552	5
1602	7
1652	20
1702	6
1752	2
1802	2
1852	4
1902	4
1952	5
2002	27
2102	1
2152	2
2202	1
2252	3
2302	1
2352	5
2402	1
2552	1
2702	1
2752	5
2852	2
2952	1
3052	3
3152	2
3202	3
3302	3
3402	1
3502	1
3652	1
3752	1
3952	1
4052	1
4202	1
4302	3
4752	1
5002	1
5302	1
6402	1
6552	1
6652	1
6852	2
7602	1
8002	1
8352	1
8552	1
8602	1
9402	2
9752	1
11252	1
13552	1
16902	1
22502	1
128052	1
