40	60885
90	7573
140	11456
190	1334
240	1046
290	458
340	305
390	400
440	202
490	126
540	151
590	1295
640	7837
690	9649
740	2746
790	387
840	27464
890	20
940	22
990	30
1040	12
1090	11
1140	14
1190	57
1240	11
1290	12
1340	8
1390	4
1440	5
1490	4
1540	35
1590	7
1640	3
1690	6
1740	7
1790	3
1840	5
1890	25
1940	1
1990	4
2040	5
2090	4
2140	6
2190	2
2240	32
2290	1
2340	4
2390	2
2440	3
2490	2
2540	2
2590	34
2640	1
2690	2
2840	1
2940	2
2990	1
3040	2
3090	1
3240	1
3290	2
3340	2
3390	1
3440	1
3490	2
3540	4
3690	1
3740	3
3940	2
4040	2
4240	1
4490	1
5140	1
5190	2
5240	1
5340	1
5440	1
5590	2
5840	1
6040	1
6640	1
6790	1
6890	1
7140	2
7840	1
8190	1
8990	1
9940	1
10440	1
12040	1
12090	1
13090	1
13240	1
13590	1
13640	1
18240	1
18590	1
18840	1
18940	1
20790	1
23390	1
23690	2
27540	1
33790	1
68940	1
136990	1
