8	2166275
58	13293
108	4165
158	1772
208	1063
258	727
308	436
358	262
408	205
458	120
508	112
558	88
608	77
658	114
708	4800
758	38
808	29
858	27416
908	32
958	11
1008	253
1058	9
1108	9
1158	10
1208	5
1258	3
1308	11
1358	11
1408	7
1458	7
1508	4
1558	10
1608	3
1658	1
1708	28
1758	2
1808	1
1858	1
1908	3
1958	4
2008	1
2058	33
2108	1
2158	2
2208	1
2308	1
2358	3
2408	28
2458	1
2508	6
2558	4
2608	1
2708	2
2758	82
2808	1
3058	3
3258	1
3408	1
3508	1
3958	1
4008	3
4108	1
4158	1
4358	1
4508	1
5008	1
5658	1
6458	1
7258	1
9208	1
10658	1
13958	1
15308	2
21608	1
25358	1
