13	363834
63	10018
113	2472
163	5632
213	892
263	539
313	336
363	248
413	147
463	103
513	107
563	55
613	63
663	57
713	39
763	28
813	28
863	22
913	14
963	22
1013	10
1063	4
1113	3
1163	3
1213	3
1263	2
1313	5
1363	4
1413	3
1463	8
1513	2
1563	3
1613	3
1663	1
1713	2
1763	1
1813	4
1863	2
1913	5
1963	4
2013	3
2063	3
2113	3
2163	4
2213	1
2263	1
2463	1
2513	1
2613	4
2663	3
2763	2
2813	1
3063	1
3263	2
3363	7
3463	1
3563	1
3663	1
3763	1
3963	1
4263	1
4363	1
4563	1
4663	1
5813	1
6863	1
6963	1
7813	2
8213	1
12013	1
17913	1
19463	1
25713	1
75213	1
84563	1
