27	70248
77	4783
127	2187
177	206524
227	768
277	507
327	296
377	225
427	132
477	126
527	63
577	58
627	1243
677	31
727	34
777	29
827	19
877	16
927	12
977	15
1027	8
1077	12
1127	4
1177	4
1227	7
1277	6
1327	2
1377	5
1427	5
1477	7
1527	5
1577	4
1627	5
1677	4
1727	3
1827	3
1877	4
1977	2
2027	2
2077	2
2127	5
2227	2
2277	1
2327	1
2427	2
2527	1
2627	1
2677	1
2727	2
2777	1
2877	1
2927	2
3027	3
3177	1
3277	1
3327	1
3377	2
3427	1
3527	1
3577	1
3977	1
4177	1
4427	1
4827	1
4977	2
5077	1
5377	1
5777	1
5927	1
9027	1
9577	1
9877	1
10677	1
12277	1
21927	1
32477	2
56577	1
