15	250779
65	15332
115	2615
165	85442
215	811
265	499
315	405
365	218
415	167
465	201
515	161
565	847
615	5756
665	11121
715	5855
765	4672
815	209
865	21
915	18
965	14
1015	5
1065	6
1115	4
1165	4
1215	10
1265	2
1315	2
1365	6
1465	5
1515	7
1565	3
1615	3
1665	7
1765	3
1815	3
1865	1
1915	3
1965	5
2015	2
2065	1
2165	3
2265	3
2365	4
2415	1
2515	5
2565	2
2765	1
2815	2
2915	1
3015	3
3215	1
3565	1
3615	1
4215	1
4265	3
4315	1
5265	1
5615	1
6165	1
7215	1
9315	1
9465	1
9665	1
11165	1
11215	1
12015	15037
12165	1
12465	1
15065	1
35965	1
60165	1
63915	1
73815	1
95965	1
101365	1
