5	4945471
55	9930
105	3443
155	1589
205	911
255	633
305	375
355	251
405	211
455	144
505	72
555	270
605	1582
655	6154
705	5372
755	4804
805	439
855	22
905	11
955	23
1005	22
1055	1
1105	10
1155	6
1205	4
1255	4
1305	7
1355	4
1405	3
1455	7
1505	1
1555	6
1605	2
1655	1
1705	5
1755	5
1805	3
1855	1
1905	1
2005	1
2055	5
2105	2
2155	5
2205	1
2405	2
2505	5
2555	1
2605	1
2655	1
2805	2
2955	3
3005	1
3105	1
3855	2
4305	1
4905	1
5055	1
5255	1
5305	2
5355	1
5705	1
6405	1
6455	1
7455	2
7555	1
9555	1
9755	1
11405	1
12905	1
17655	1
22605	1
61255	1
95205	1
