30	138070
80	10369
130	3003
180	166412
230	841
280	691
330	410
380	241
430	166
480	189
530	112
580	3964
630	3736
680	7611
730	5824
780	27175
830	29
880	23
930	5059
980	115
1030	15
1080	1338
1130	13
1180	6
1230	5
1280	10
1330	24
1380	7
1430	3
1480	6
1530	4
1580	6
1630	6
1680	41
1730	8
1780	2
1830	6
1880	2
1930	2
1980	3
2030	12
2080	3
2130	5
2180	4
2280	5
2330	3
2380	28
2430	5
2480	6
2530	3
2580	2
2630	1
2730	16
2830	1
2880	2
2930	1
2980	3
3030	2
3080	3
3130	1
3180	2
3230	2
3280	3
3330	5
3380	1
3480	1
3630	1
3780	2
3930	2
3980	2
4030	2
4080	1
4180	3
4330	1
4380	4
4530	1
4630	2
4930	2
5030	2
5080	3
5130	1
5280	1
5380	1
5430	1
5480	1
5780	2
6080	1
7030	1
7480	1
7580	1
7680	1
8480	1
8830	1
8880	1
9080	1
10080	1
10680	1
10880	1
11080	1
14180	2
14580	1
16680	1
20880	1
21780	1
36480	1
55380	1
116030	1
