14	365765
64	20927
114	3435
164	12938
214	866
264	687
314	370
364	272
414	222
464	116
514	111
564	110
614	43
664	49
714	8024
764	29
814	29
864	26290
914	17
964	22
1014	1476
1064	70
1114	5
1164	3
1214	3
1264	6
1314	1
1364	3
1414	129
1464	8
1514	2
1564	3
1614	5
1664	7
1714	3
1764	7
1814	2
1864	3
1914	2
2014	2
2064	2
2114	20
2164	4
2214	3
2264	3
2364	1
2464	17
2514	1
2614	2
2764	2
2814	2
2864	2
2964	1
3014	2
3114	1
3264	2
3414	1
3464	1
4014	1
4264	1
4314	1
4464	1
4514	1
4764	1
4814	1
5664	1
5764	2
5964	1
6164	2
6664	1
6864	3
7464	1
7914	1
8064	1
8464	1
8514	1
12064	2
18064	1
19464	1
26664	1
82614	1
91314	1
351764	1
