39	29463
89	3904
139	21947
189	1181
239	638
289	392
339	279
389	176
439	125
489	121
539	66
589	42
639	52
689	39
739	21
789	41
839	25
889	20
939	13
989	8
1039	5
1089	4
1139	2
1189	4
1239	9
1289	3
1339	6
1389	2
1439	2
1539	4
1589	5
1689	2
1739	3
1789	2
1889	3
1939	2
1989	2
2039	1
2139	3
2189	1
2289	2
2339	1
2389	1
2439	1
2639	1
2689	1
2739	3
2839	1
2939	1
3039	2
3089	1
3239	1
3589	1
3689	3
4139	1
4389	2
4689	1
4939	1
5139	1
5189	2
5889	1
6239	1
6839	1
7989	2
8789	1
10089	1
10989	1
22539	1
64089	1
