48	33202
98	5420
148	2011
198	1232
248	674
298	403
348	334
398	191
448	187
498	100
548	101
598	58
648	67
698	39
748	37
798	27965
848	24
898	14
948	4198
998	20
1048	7
1098	10
1148	20
1198	8
1248	10
1298	7
1348	5
1398	10
1448	4
1498	21
1548	2
1598	2
1648	2
1698	4
1748	4
1798	1
1848	9
1898	3
1948	1
1998	4
2048	1
2148	5
2198	4
2248	3
2298	4
2348	1
2548	107
2698	2
2748	3
2898	5
2998	1
3048	2
3098	1
3198	4
3448	3
3548	3
3698	1
3748	2
4098	5
4248	1
4298	1
4448	1
4698	1
5448	3
5798	1
5948	1
6448	1
6648	1
6748	1
7448	6
7848	1
8148	1
9348	1
15198	1
15348	1
21698	1
26598	1
26898	1
28098	1
