44	26122
94	4172
144	2553
194	1067
244	752
294	507
344	285
394	201
444	174
494	115
544	68
594	78
644	186
694	24
744	13304
794	21
844	20
894	17478
944	17
994	66
1044	10
1094	8
1144	18
1194	5
1244	4
1294	5
1344	58
1394	4
1444	5
1494	7
1544	3
1644	3
1694	10
1744	7
1794	2
1844	4
1894	3
1944	5
2044	29
2094	5
2144	1
2244	9
2294	2
2344	1
2394	2
2444	2
2644	2
2744	3
2994	1
3344	1
3444	3
3494	1
3694	1
3844	2
3994	1
4094	1
4294	1
4394	1
4444	2
4494	2
4544	1
4794	1
4894	1
4994	1
5294	1
5544	1
6144	1
6594	2
6744	1
6944	1
7394	1
7644	1
9294	1
9844	1
9894	1
12144	1
12944	1
13044	1
14144	1
18794	1
22544	1
24744	1
27544	1
135844	1
