20	252513
70	11402
120	4500
170	116095
220	876
270	691
320	1009
370	285
420	273
470	128
520	134
570	286
620	6125
670	6655
720	14761
770	5245
820	195
870	20362
920	24
970	15
1020	1266
1070	11
1120	19
1170	13
1220	8
1270	8
1320	13
1370	7
1420	5
1470	50
1520	5
1570	10
1620	4
1670	5
1720	2
1770	3
1820	19
1870	6
1920	6
2020	5
2070	2
2120	2
2170	3
2220	5
2270	5
2370	3
2420	3
2470	3
2520	26
2570	2
2720	2
2820	3
2870	2
3020	1
3120	5
3220	1
3270	1
3320	3
3370	1
3420	3
3470	1
3570	4
3670	1
3720	3
3770	1
3920	1
4020	1
4170	1
4470	1
4520	2
4920	2
5020	2
5070	1
5170	1
5420	1
5470	1
5520	2
5720	1
5770	2
6020	1
6120	1
6570	1
6670	1
7470	1
8220	2
9120	1
11570	1
11970	1
12020	1
13020	1
14170	1
14570	1
15220	1
15820	1
18270	1
26420	1
45820	1
55820	1
