49	20324
99	3877
149	1628
199	1011
249	657
299	361
349	280
399	210
449	119
499	88
549	72
599	67
649	42
699	32
749	34
799	18
849	34
899	29
949	16
999	23
1049	13
1099	8
1149	5
1199	3
1249	2
1299	6
1349	2
1399	1
1449	2
1499	7
1549	8
1599	3
1649	2
1699	3
1749	4
1799	2
1849	1
1899	3
1949	2
1999	1
2049	2
2199	2
2299	6
2349	1
2449	1
2749	2
2799	2
2949	1
3049	1
3199	1
3299	1
3449	3
3549	1
3599	3
3949	1
3999	1
4299	1
4399	1
4599	1
4699	1
4849	1
4899	2
5149	1
5449	1
6099	1
6199	1
6749	1
6849	1
7849	1
14799	1
17199	1
62599	1
