19	420722
69	6072
119	2326
169	61618
219	875
269	467
319	300
369	251
419	160
469	117
519	104
569	68
619	55
669	196
719	30
769	28
819	20
869	14
919	13
969	10
1019	7
1069	2
1119	1
1169	3
1219	2
1269	5
1319	3
1369	1
1419	4
1469	1
1519	3
1569	5
1619	7
1669	1
1719	2
1769	1
1819	1
1869	1
1919	3
1969	2
2019	1
2069	1
2119	2
2169	2
2219	2
2269	1
2419	1
2519	2
2769	2
2869	1
2919	1
3119	1
3169	2
3269	1
3419	1
4169	1
4219	1
4469	1
4569	3
4919	1
5069	1
5319	1
5469	1
5969	1
6519	1
9169	1
10269	2
11569	1
12019	1
