12	381972
62	8953
112	3513
162	4857
212	847
262	507
312	486
362	217
412	295
462	148
512	117
562	74
612	80
662	38
712	36
762	21884
812	76
862	17
912	5198
962	16
1012	6
1062	1510
1112	7
1162	16
1212	8
1262	3
1312	3
1362	6
1412	6
1462	7
1512	39
1562	6
1612	1
1662	5
1712	5
1762	1
1812	9
1862	27
1912	2
1962	3
2012	3
2112	1
2162	4
2212	56
2262	3
2312	1
2362	1
2512	1
2562	11
2712	2
2762	1
3012	3
3062	2
3312	2
3412	1
3462	2
3562	2
3662	1
3762	3
3862	6
4412	1
4912	1
5112	2
5412	1
5612	1
7612	1
7912	1
8112	2
8712	2
10662	1
10912	1
12012	3793
16112	1
20612	1
28562	1
32112	1
44812	1
73062	1
100762	1
