4	11692376
54	17831
104	4393
154	1981
204	1251
254	594
304	410
354	292
404	205
454	130
504	205
554	70
604	57
654	1067
704	45
754	41
804	36569
854	34
904	23
954	3906
1004	20
1054	3
1104	12
1154	7
1204	30
1254	64
1304	6
1354	2
1404	10
1454	5
1504	4
1554	38
1604	5
1654	4
1704	3
1854	1
1904	1
2004	2
2054	1
2154	2
2254	28
2304	4
2354	1
2404	2
2454	2
2554	2
2604	13
2754	2
2954	2
3104	1
3204	1
3304	1
3404	1
3454	2
3504	2
3554	1
3654	1
3704	1
3954	1
4004	2
4054	1
4104	2
4154	2
4204	1
4254	2
4304	2
4404	3
4554	1
4754	2
4854	1
5604	1
5904	3
6704	1
8304	1
8604	1
20154	1
33054	1
48804	1
