43	19032
93	3748
143	1734
193	989
243	731
293	369
343	236
393	217
443	212
493	129
543	89
593	52
643	39
693	59
743	17
793	18
843	22
893	22
943	16
993	15
1043	5
1093	7
1143	6
1193	7
1243	4
1293	4
1343	2
1393	1
1443	7
1493	4
1543	2
1593	3
1643	3
1693	3
1743	2
1793	3
1893	2
1943	2
2043	1
2093	1
2143	4
2193	2
2293	1
2343	1
2443	1
2493	3
2543	1
2593	1
2693	1
2743	1
2793	3
2943	5
3043	2
3393	1
3493	1
3543	1
3743	1
3993	2
4293	4
4493	1
4743	1
5193	1
5943	2
5993	1
6043	1
7193	1
8293	1
8643	1
10743	1
19643	1
102893	1
109143	1
