41	20510
91	3717
141	1984
191	1041
241	593
291	490
341	261
391	189
441	154
491	107
541	67
591	61
641	46
691	47
741	41
791	20
841	24
891	19
941	18
991	21
1041	14
1091	4
1141	5
1191	6
1241	5
1291	5
1341	10
1391	5
1441	3
1491	6
1541	6
1591	2
1641	7
1691	2
1741	4
1791	6
1841	2
1891	11
1941	5
1991	2
2041	2
2091	2
2141	2
2241	1
2341	2
2391	2
2441	1
2541	3
2591	4
2641	1
2841	1
2891	1
2941	1
2991	3
3141	2
3291	1
3391	1
3441	1
3491	2
3591	3
3691	1
3791	1
4791	1
5341	1
5491	1
6141	1
6541	1
6591	1
7141	1
7241	1
7391	1
9141	1
10241	1
13941	1
29541	1
236841	1
263141	1
