24	156166
74	8730
124	2706
174	151910
224	899
274	512
324	380
374	229
424	135
474	143
524	95
574	139
624	94
674	47
724	32
774	14403
824	27
874	14
924	8733
974	13
1024	14
1074	13
1124	11
1174	7
1224	15
1274	19
1324	2
1374	4
1424	7
1474	6
1524	2
1574	4
1624	13
1674	2
1724	1
1774	1
1824	3
1874	3
1924	3
1974	34
2074	2
2124	4
2174	3
2224	3
2274	3
2324	9
2424	1
2474	1
2524	2
2574	1
2624	2
2674	30
2724	1
2774	1
2874	2
3024	1
3124	2
3224	3
3324	1
3424	1
3474	1
3724	1
3774	1
3974	2
4424	2
4524	1
4724	1
4924	1
4974	1
5624	1
7174	1
8274	2
8624	1
20424	1
24374	1
34224	1
175674	1
