25	82543
75	6010
125	2306
175	155375
225	874
275	481
325	343
375	236
425	148
475	101
525	89
575	1777
625	6085
675	8024
725	10020
775	2489
825	24
875	18
925	15
975	21
1025	7
1075	6
1125	6
1175	9
1225	4
1275	6
1325	1
1375	3
1425	4
1475	3
1525	1
1575	3
1625	6
1675	7
1725	4
1775	1
1825	5
1875	3
1975	1
2025	5
2125	1
2175	2
2275	1
2325	2
2375	1
2475	1
2525	2
2625	3
2775	2
2825	1
2875	1
2925	3
2975	2
3075	3
3475	1
3525	2
3625	1
3675	1
3725	1
3775	1
3825	1
3875	3
4025	1
4275	1
4375	1
4475	1
4575	1
4725	1
4975	1
5025	1
6075	1
6375	1
6425	1
9625	2
16425	2
21875	1
23175	1
38775	1
93125	1
353625	1
