7	8923837
57	9846
107	2750
157	1574
207	1031
257	559
307	375
357	276
407	164
457	124
507	113
557	65
607	53
657	46
707	39
757	29
807	32
857	25
907	12
957	22
1007	25
1057	2
1107	12
1157	5
1207	12
1257	5
1307	3
1357	4
1407	4
1457	3
1507	3
1557	2
1607	4
1657	1
1707	3
1757	1
1907	1
1957	3
2007	2
2057	1
2107	5
2157	3
2207	3
2257	3
2307	3
2357	1
2407	2
2457	1
2557	1
2657	1
2757	2
2807	1
2907	2
2957	2
3157	1
3307	1
3507	1
3757	1
3807	1
3857	1
4357	1
4507	1
4657	2
4857	1
5307	1
5357	1
5557	1
5957	1
6307	1
7557	1
7757	1
15957	1
23807	1
