6	10662546
56	16907
106	3560
156	1936
206	916
256	629
306	392
356	235
406	191
456	172
506	88
556	70
606	85
656	48
706	34
756	24588
806	29
856	19
906	13240
956	23
1006	9
1056	11
1106	48
1156	5
1206	9
1256	6
1306	1
1356	4
1406	3
1456	15
1506	3
1556	10
1606	115
1656	5
1756	1
1806	74
1856	1
1956	2
2006	1
2106	1
2156	7
2206	3
2256	6
2306	1
2356	1
2406	1
2456	1
2506	35
2556	2
2656	3
2706	1
2856	3
2956	1
3156	4
3256	1
3506	1
3556	1
3706	1
3856	2
3906	5
4156	1
4556	1
4656	1
5056	1
5356	1
5756	1
6356	1
6606	1
7056	1
7306	1
7756	1
8206	1
8356	1
9456	2
14056	1
15356	1
15956	1
34506	1
67006	1
