18	247149
68	9096
118	3037
168	54393
218	844
268	521
318	419
368	214
418	168
468	168
518	110
568	78
618	75
668	45
718	31
768	16248
818	21
868	52
918	16374
968	17
1018	8
1068	17
1118	5
1168	4
1218	8
1268	4
1318	2
1368	11
1418	2
1468	4
1518	10
1568	54
1668	5
1718	3
1768	2
1818	9
1868	4
1918	4
1968	1
2068	1
2118	3
2168	1
2268	12
2318	1
2368	2
2418	2
2468	2
2568	2
2618	8
2768	1
2818	1
3218	1
3318	1
3468	1
3568	1
3718	1
3818	1
3968	3
4018	1
4318	1
4368	1
4468	1
4518	1
4968	2
5018	1
5568	1
5618	1
5668	1
5768	3
5818	1
5868	1
6018	1
6168	2
6268	1
7168	1
7368	1
7668	1
8118	1
10168	1
10218	1
10518	2
11518	1
12018	15309
12768	2
13668	1
16618	1
17868	1
49368	1
