29	56580
79	7345
129	2369
179	23571
229	718
279	509
329	291
379	207
429	153
479	112
529	57
579	66
629	53
679	51
729	26
779	22
829	19
879	33
929	11
979	19
1029	16
1079	9
1129	4
1179	5
1229	2
1279	1
1329	3
1379	4
1429	1
1479	4
1529	1
1579	2
1629	2
1679	7
1729	2
1779	3
1829	1
1929	3
1979	1
2029	3
2079	3
2129	1
2179	3
2229	1
2279	2
2429	3
2479	1
2529	1
2579	1
2629	1
2829	1
2929	1
3029	3
3129	1
3279	2
3329	1
3429	1
3479	1
3579	1
3929	2
3979	2
4379	1
4679	1
5829	1
6079	1
6529	1
6729	1
7129	2
8929	2
9229	1
9879	1
17829	1
