38	36522
88	6690
138	102063
188	1264
238	759
288	554
338	292
388	194
438	173
488	107
538	81
588	125
638	48
688	37
738	10831
788	22
838	28
888	15317
938	28
988	15
1038	8
1088	13
1138	2
1188	9
1238	3
1288	15
1338	6
1388	6
1438	3
1488	8
1538	2
1588	4
1638	32
1688	1
1738	3
1788	4
1838	2
1888	3
1938	5
1988	11
2088	2
2138	4
2238	7
2338	5
2388	2
2438	2
2538	1
2638	1
2688	8
2738	1
2788	3
2838	3
2888	1
2988	7
3088	1
3488	1
3738	1
3888	1
4488	1
4638	1
4988	1
5038	1
5488	1
5688	1
5888	1
6888	2
7538	1
9238	1
9838	1
10938	1
12188	1
15838	1
17538	1
17838	2
18588	1
21988	1
23688	1
28188	1
138138	1
