21	112750
71	6542
121	2311
171	67577
221	766
271	1227
321	361
371	205
421	191
471	126
521	71
571	65
621	58
671	45
721	28
771	34
821	30
871	8
921	18
971	16
1021	9
1071	10
1121	4
1171	4
1221	8
1271	4
1321	6
1371	6
1421	2
1471	1
1521	3
1571	2
1621	2
1671	3
1721	4
1771	2
1821	2
1971	1
2021	4
2071	4
2121	3
2171	3
2221	1
2271	2
2321	2
2571	1
2671	1
2821	1
2871	1
2921	1
3021	1
3121	1
3621	2
3971	1
4271	2
4421	1
4671	1
4971	2
5071	1
5671	1
7171	2
9571	1
11471	1
12021	11484
12171	1
24321	1
27321	1
43521	1
105321	1
