26	106189
76	6577
126	2731
176	111136
226	741
276	521
326	298
376	237
426	197
476	142
526	80
576	97
626	54
676	44
726	13517
776	35
826	38
876	31401
926	9
976	23
1026	18
1076	2
1126	7
1176	29
1226	2
1276	6
1326	4
1376	3
1426	2
1476	10
1526	31
1576	3
1626	5
1676	2
1726	3
1776	7
1826	4
1876	11
1926	1
1976	1
2076	4
2176	2
2226	63
2376	5
2476	2
2526	3
2576	12
2626	1
2676	1
2726	1
2926	3
3276	2
3426	1
3526	1
3776	6
3976	1
4026	2
4276	1
4326	2
5076	1
5176	1
5376	1
5626	1
6126	1
6576	1
7726	2
8226	1
8526	1
11476	1
111976	1
248626	1
