16	407100
66	10732
116	2848
166	152650
216	1021
266	580
316	360
366	277
416	163
466	168
516	116
566	72
616	302
666	1378
716	24
766	23
816	26971
866	22
916	24
966	5620
1016	12
1066	7
1116	10
1166	4
1216	7
1266	6
1316	18
1366	8
1416	5
1466	1
1516	2
1566	3
1616	3
1666	23
1716	4
1766	2
1816	1
1916	2
1966	2
2016	20
2066	4
2116	4
2166	5
2216	1
2266	2
2366	7
2416	2
2466	1
2616	4
2716	4
2766	1
2866	1
2916	1
3016	1
3066	1
3116	2
3416	2
3466	3
3516	4
3666	2
4216	1
4316	1
4416	1
4516	2
4916	1
5066	1
5116	1
5216	1
5516	1
5716	1
5816	1
5916	2
6266	1
6366	1
6716	1
7266	1
7866	1
8066	1
8416	1
12016	2
22566	1
54016	1
89916	1
