46	24074
96	5938
146	1847
196	1138
246	675
296	384
346	253
396	235
446	130
496	114
546	111
596	60
646	50
696	6679
746	35
796	28
846	30080
896	62
946	14
996	17
1046	6
1096	11
1146	4
1196	3
1246	33
1296	11
1346	4
1396	7
1446	5
1496	10
1546	4
1596	6
1646	2
1696	4
1746	2
1796	3
1846	1
1896	1
1946	19
1996	2
2046	2
2096	2
2146	3
2196	1
2246	1
2296	25
2346	3
2396	3
2446	1
2496	1
2546	2
2596	1
2646	75
2696	1
2796	1
2896	1
2946	1
2996	2
3246	2
3396	1
3496	3
3596	1
3696	1
3746	1
3796	2
3846	1
4046	1
4146	2
4296	1
4646	2
4796	2
4896	1
5096	1
5196	2
5496	2
5796	3
5896	1
6096	2
6246	1
6746	1
7196	1
8196	1
8446	1
8996	1
9546	1
9946	2
10096	1
10496	1
13146	1
13246	1
24596	1
1006296	1
