37	26614
87	4263
137	55209
187	1122
237	739
287	446
337	301
387	231
437	141
487	101
537	90
587	67
637	53
687	41
737	23
787	27
837	23
887	19
937	18
987	18
1037	7
1087	9
1137	4
1187	3
1237	3
1287	4
1337	2
1387	4
1437	6
1487	3
1537	10
1587	7
1637	3
1687	1
1737	3
1787	1
1837	3
1887	2
1937	4
1987	4
2037	5
2087	3
2137	4
2187	1
2237	1
2287	1
2387	2
2437	1
2537	1
2587	4
2887	1
3087	1
3237	1
3287	1
3337	2
3637	2
3687	1
3837	3
4037	1
4237	1
4287	1
4587	2
5037	3
5087	1
5337	1
5637	1
5837	1
6637	1
6837	2
8987	1
10437	1
28487	1
92037	1
