34	46477
84	6925
134	2082
184	3020
234	869
284	436
334	300
384	314
434	145
484	284
534	107
584	68
634	57
684	2853
734	34
784	50
834	26908
884	21
934	18
984	1346
1034	8
1084	9
1134	16
1184	5
1234	1
1284	11
1334	3
1384	1
1434	5
1484	36
1534	5
1584	8
1634	4
1684	6
1734	4
1784	1
1834	22
1884	3
1934	1
2034	4
2084	2
2134	5
2184	41
2284	1
2334	3
2384	1
2484	5
2534	17
2584	3
2684	1
2784	1
2884	1
2934	2
3134	1
3234	2
3584	2
3784	1
3834	1
3884	1
4084	2
4184	1
4684	1
4784	1
4984	1
5084	1
5384	1
5484	1
6634	1
6834	1
6984	1
7084	1
7284	2
8184	1
9884	1
9934	1
13584	1
15884	1
15984	1
19734	1
21034	1
42534	1
155834	1
