32	67086
82	5644
132	2688
182	282056
232	786
282	523
332	297
382	211
432	166
482	94
532	139
582	76
632	43
682	47
732	13391
782	37
832	32
882	19279
932	31
982	12
1032	1097
1082	8
1132	6
1182	5
1232	38
1282	3
1332	5
1382	2
1432	4
1482	5
1532	4
1582	4
1632	10
1682	4
1732	4
1782	4
1832	1
1882	3
1932	30
1982	1
2032	4
2082	3
2132	6
2182	1
2232	4
2282	25
2382	1
2432	3
2532	1
2632	5
2682	1
2732	1
2832	3
2932	1
3082	1
3132	2
3182	1
3282	1
3532	2
3632	1
3682	1
3782	4
4032	1
4182	1
4232	1
4432	1
4582	1
4732	1
5082	1
5232	2
5382	4
5832	1
6882	1
8282	1
8632	2
9432	1
9732	1
11532	1
11832	1
17632	1
22282	1
37132	1
45332	1
62532	1
155832	2
