36	45170
86	4773
136	19323
186	1329
236	713
286	474
336	373
386	199
436	144
486	117
536	98
586	60
636	69
686	64
736	42
786	20920
836	45
886	17
936	8128
986	16
1036	40
1086	10
1136	9
1186	6
1236	8
1286	8
1336	4
1386	37
1436	2
1486	1
1536	4
1586	4
1636	3
1686	7
1736	138
1786	2
1836	5
1886	4
1936	2
2036	2
2086	46
2136	2
2186	2
2236	5
2286	2
2436	26
2486	1
2536	2
2586	4
2736	2
2836	1
2936	1
2986	1
3036	2
3086	1
3136	1
3186	2
3336	2
3536	4
3586	2
3736	1
3936	1
4236	2
4786	1
4836	1
4986	2
5036	1
5136	1
5286	1
5436	1
5586	1
5636	1
6586	1
6786	1
7686	1
11636	1
11886	1
12236	2
20436	1
25286	1
30036	1
54536	1
