28	90221
78	7723
128	3014
178	108468
228	931
278	465
328	337
378	341
428	166
478	97
528	133
578	67
628	61
678	6777
728	148
778	30
828	30732
878	15
928	25
978	1321
1028	11
1078	69
1128	8
1178	6
1228	4
1278	9
1328	9
1378	4
1428	29
1478	3
1528	3
1578	3
1628	3
1678	2
1728	4
1778	28
1828	5
1878	6
1928	2
1978	3
2028	7
2128	37
2178	1
2228	2
2278	4
2328	1
2378	3
2478	17
2528	1
2578	2
2628	4
2728	2
2778	1
2878	2
2928	4
2978	1
3278	1
3328	1
3378	1
3428	1
3528	1
3628	2
3728	1
3778	3
3978	1
4128	1
4328	1
4428	1
4728	1
4928	1
5028	1
5178	1
5278	1
5478	1
5778	1
5928	1
7078	1
7328	1
10528	1
10828	1
11178	1
11778	1
12928	1
18928	1
70528	1
95928	1
323828	1
764528	1
