22	119137
72	10396
122	2980
172	76984
222	891
272	529
322	364
372	303
422	167
472	123
522	132
572	87
622	57
672	1746
722	33
772	28
822	20753
872	13
922	24
972	30
1022	28
1072	10
1122	9
1172	7
1222	8
1272	8
1322	2
1372	19
1422	4
1472	5
1522	1
1572	4
1622	3
1672	11
1722	22
1822	2
1872	4
1922	1
1972	3
2022	5
2072	57
2122	5
2172	5
2222	1
2272	2
2322	3
2422	32
2472	3
2522	1
2672	1
2772	26
2822	1
2872	1
2922	3
2972	1
3022	1
3122	2
3172	1
3272	1
3372	1
3522	2
3672	3
3772	2
3822	1
3872	1
3922	1
4072	2
4122	1
4222	1
4372	1
4472	2
4522	1
4722	2
4922	1
5172	2
5372	1
7272	1
8372	1
8422	1
8672	1
9522	1
10322	1
10872	1
13972	2
14222	1
17122	1
19372	1
21272	1
21472	1
24972	1
35072	1
45522	1
78222	1
125022	1
