3	49171908
53	9882
103	2901
153	1649
203	897
253	583
303	398
353	255
403	198
453	143
503	101
553	70
603	82
653	58
703	37
753	52
803	304
853	23
903	19
953	23
1003	16
1053	11
1103	9
1153	3
1203	2
1253	3
1303	1
1353	6
1403	3
1503	1
1553	4
1603	6
1653	2
1703	4
1753	4
1803	2
1853	1
1903	3
1953	5
2003	2
2103	2
2153	4
2203	2
2253	1
2303	1
2403	2
2453	1
2503	1
2603	3
2703	3
2753	1
2853	2
2953	1
3003	1
3053	1
3553	1
3653	1
3753	1
4453	2
4653	2
5253	2
5653	2
5703	1
6053	1
6153	1
6553	1
6603	1
6903	1
10753	1
12103	1
20103	1
20903	1
51653	1
71253	1
85353	1
