23	97007
73	4741
123	2410
173	160998
223	682
273	523
323	584
373	240
423	177
473	104
523	80
573	73
623	51
673	44
723	43
773	28
823	17
873	19
923	23
973	12
1023	8
1073	7
1123	5
1173	5
1223	4
1273	4
1323	7
1373	3
1423	3
1473	3
1523	2
1623	2
1673	4
1723	1
1773	3
1823	1
1873	3
1923	1
2123	1
2223	3
2323	2
2373	2
2523	1
2573	1
2723	2
2773	1
2823	1
2873	1
2923	3
2973	1
3173	1
3373	1
3673	2
3823	1
4123	1
4223	2
4323	1
4423	2
4523	1
4623	3
5223	1
5673	1
6123	2
6723	1
8723	2
16623	1
16923	1
17273	1
19373	1
19523	1
22623	1
23873	1
184973	1
263823	1
