50	29329
100	5677
150	2430
200	1269
250	696
300	533
350	302
400	414
450	177
500	110
550	377
600	2425
650	6205
700	10148
750	18866
800	312
850	284
900	17615
950	19
1000	16
1050	24
1100	6
1150	8
1200	18
1250	2
1300	7
1350	3
1400	117
1450	2
1500	5
1550	5
1600	4
1650	5
1700	9
1750	7
1800	4
1850	5
1900	4
1950	3
2000	10
2050	2
2100	20
2150	2
2200	2
2250	2
2300	1
2350	1
2400	5
2450	88
2500	4
2550	2
2600	3
2650	2
2700	5
2750	2
2800	2
2850	1
2900	1
2950	2
3000	3
3200	1
3250	2
3300	1
3350	1
3450	1
3600	3
3650	1
3750	1
3800	1
3900	1
3950	1
4050	1
4100	1
4400	1
4500	1
4550	2
4650	1
4700	1
4800	1
4950	3
5400	1
5500	1
5650	1
6150	1
6500	1
6750	1
6800	1
7050	2
7200	2
7600	2
8100	2
9400	1
9700	2
10650	1
13650	1
14600	1
15150	1
15250	1
15850	1
17950	1
25450	1
26150	1
33850	1
74700	1
75300	1
