10	823241
60	19971
110	4300
160	2194
210	1312
260	680
310	382
360	489
410	192
460	146
510	113
560	2991
610	4719
660	10298
710	5313
760	6546
810	29904
860	446
910	70
960	4264
1010	1196
1060	10
1110	9
1160	6
1210	7
1260	21
1310	4
1360	6
1410	1
1460	4
1510	3
1560	6
1610	4
1660	2
1710	2
1760	7
1810	4
1860	1
1910	3
1960	14
2010	1
2060	2
2110	1
2160	4
2210	3
2260	2
2310	8
2410	2
2460	1
2510	1
2560	4
2610	1
2660	4
2760	4
2810	1
2910	4
3010	1
3060	1
3210	1
3260	1
3360	4
3410	1
3610	1
3660	2
3760	1
3860	1
4010	1
4160	1
4210	1
4310	2
4360	1
4410	1
4460	1
4560	1
4710	2
4860	1
5010	1
5110	1
5160	1
5410	1
5860	1
6010	1
6210	1
6260	1
6660	3
6810	2
6960	1
7510	1
7760	1
8410	1
8910	1
9910	1
11260	1
12860	1
14510	1
16310	1
16660	1
17360	1
17910	1
21260	1
32860	1
35010	1
40260	1
53360	1
