11	331132
61	8012
111	2950
161	3058
211	820
261	618
311	328
361	225
411	216
461	126
511	102
561	91
611	52
661	45
711	35
761	32
811	20
861	29
911	10
961	15
1011	79
1061	11
1111	3
1161	5
1211	5
1261	2
1311	7
1361	2
1411	2
1461	6
1511	2
1561	4
1611	4
1661	3
1711	3
1761	3
1811	5
1861	2
1911	2
1961	1
2011	1
2061	2
2111	2
2161	2
2211	2
2261	5
2361	1
2411	3
2511	1
2561	1
2761	1
2911	1
2961	3
3111	1
3211	2
3411	1
3711	1
3961	1
4161	1
4361	1
4511	1
5211	1
5511	1
5561	1
6411	1
7461	3
7711	1
11411	1
11961	1
15411	1
17961	2
19261	1
30111	1
39461	1
90411	1
